3d=true
polyline=true

700.0 150.0 166.0

399.5 150.0 141.0

508.5 581.0 151.0

358.0 235.0 304.0

666.0 235.0 304.0

520.0 556.0 356.0



700.0 -150.0 166.0

399.5 -150.0 141.0

508.5 -581.0 151.0

358.0 -235.0 304.0

666.0 -235.0 304.0

520.0 -556.0 356.0




2106.0 233.0 266.0

1966.0 233.0 279.0

2086.0 567.5 337.0

2116.0 220.0 132.03

1956.0 220.0 160.03

2058.0 574.0 162.0





2106.0 -233.0 266.0

1966.0 -233.0 279.0

2086.0 -567.5 337.0

2116.0 -220.0 132.03

1956.0 -220.0 160.03

2058.0 -574.0 162.0



523.5 210.5 611.5

523.5 542.0 180.0


523.5 -210.5 611.5

523.5 -542.0 180.0


2101.0 75.0 357.0

2101.0 550.5 342.0





2101.0 -75.0 357.0

2101.0 -550.5 342.0